
Round: 0
00000000
00000000
00000000
00000000
00000000
00000000
00000000
00000000

Valid moves for 1:
3, 3
3, 4
4, 3
4, 4

Player 1: 4, 4

After move by Player 1
00000000
00000000
00000000
00001000
00000000
00000000
00000000
00000000


Round: 1
00000000
00000000
00000000
00001000
00000000
00000000
00000000
00000000

Valid moves for 2:
3, 3
3, 4
4, 3

Player 2: 3, 3

After move by Player 2
00000000
00000000
00000000
00001000
00020000
00000000
00000000
00000000


Round: 2
00000000
00000000
00000000
00001000
00020000
00000000
00000000
00000000

Valid moves for 1:
3, 4
4, 3

Player 1: 4, 3

After move by Player 1
00000000
00000000
00000000
00011000
00020000
00000000
00000000
00000000


Round: 3
00000000
00000000
00000000
00011000
00020000
00000000
00000000
00000000

Valid moves for 2:
3, 4

Player 2: 3, 4

After move by Player 2
00000000
00000000
00000000
00011000
00022000
00000000
00000000
00000000


Round: 4
00000000
00000000
00000000
00011000
00022000
00000000
00000000
00000000

Valid moves for 1:
2, 2
2, 3
2, 4
2, 5

Player 1: 2, 5

After move by Player 1
00000000
00000000
00000000
00011000
00021000
00000100
00000000
00000000


Round: 5
00000000
00000000
00000000
00011000
00021000
00000100
00000000
00000000

Valid moves for 2:
3, 5
5, 3
5, 5

Player 2: 3, 5

After move by Player 2
00000000
00000000
00000000
00011000
00022200
00000100
00000000
00000000


Round: 6
00000000
00000000
00000000
00011000
00022200
00000100
00000000
00000000

Valid moves for 1:
2, 2
2, 3
2, 4
2, 6
4, 5

Player 1: 4, 5

After move by Player 1
00000000
00000000
00000000
00011100
00022100
00000100
00000000
00000000


Round: 7
00000000
00000000
00000000
00011100
00022100
00000100
00000000
00000000

Valid moves for 2:
1, 6
3, 6
5, 2
5, 3
5, 4
5, 5
5, 6

Player 2: 1, 6

After move by Player 2
00000000
00000000
00000000
00011100
00022100
00000200
00000020
00000000


Round: 8
00000000
00000000
00000000
00011100
00022100
00000200
00000020
00000000

Valid moves for 1:
0, 7
1, 5
2, 2
2, 3
2, 4
3, 2

Player 1: 0, 7

After move by Player 1
00000000
00000000
00000000
00011100
00021100
00000100
00000010
00000001


Round: 9
00000000
00000000
00000000
00011100
00021100
00000100
00000010
00000001

Valid moves for 2:
3, 6
5, 3
5, 5

Player 2: 3, 6

After move by Player 2
00000000
00000000
00000000
00011100
00022220
00000100
00000010
00000001


Round: 10
00000000
00000000
00000000
00011100
00022220
00000100
00000010
00000001

Valid moves for 1:
2, 2
2, 3
2, 4
2, 6
2, 7
4, 7

Player 1: 2, 4

After move by Player 1
00000000
00000000
00000000
00011100
00021220
00001100
00000010
00000001


Round: 11
00000000
00000000
00000000
00011100
00021220
00001100
00000010
00000001

Valid moves for 2:
1, 3
1, 4
1, 5
5, 3
5, 4
5, 5

Player 2: 1, 4

After move by Player 2
00000000
00000000
00000000
00011100
00021220
00001200
00002010
00000001


Round: 12
00000000
00000000
00000000
00011100
00021220
00001200
00002010
00000001

Valid moves for 1:
0, 4
1, 5
2, 2
2, 3
2, 6
2, 7
3, 2
3, 7
4, 2
4, 6

Player 1: 2, 6

After move by Player 1
00000000
00000000
00000000
00011100
00021120
00001110
00002010
00000001


Round: 13
00000000
00000000
00000000
00011100
00021120
00001110
00002010
00000001

Valid moves for 2:
0, 6
1, 5
5, 3
5, 4
5, 5

Player 2: 5, 5

After move by Player 2
00000000
00000000
00000200
00012100
00021120
00001110
00002010
00000001


Round: 14
00000000
00000000
00000200
00012100
00021120
00001110
00002010
00000001

Valid moves for 1:
0, 3
0, 4
2, 3
2, 7
3, 2
3, 7
4, 2
4, 6
4, 7
5, 3
5, 4
6, 5

Player 1: 3, 7

After move by Player 1
00000000
00000000
00000200
00012100
00021111
00001110
00002010
00000001


Round: 15
00000000
00000000
00000200
00012100
00021111
00001110
00002010
00000001

Valid moves for 2:
1, 5
1, 7
4, 2
4, 6
4, 7
5, 3

Player 2: 1, 7

After move by Player 2
00000000
00000000
00000200
00012100
00021211
00001120
00002012
00000001


Round: 16
00000000
00000000
00000200
00012100
00021211
00001120
00002012
00000001

Valid moves for 1:
0, 3
0, 4
1, 5
2, 3
2, 7
3, 2
4, 2
4, 6
5, 4
6, 5

Player 1: 2, 7

After move by Player 1
00000000
00000000
00000200
00012100
00021211
00001111
00002011
00000001


Round: 17
00000000
00000000
00000200
00012100
00021211
00001111
00002011
00000001

Valid moves for 2:
1, 3
1, 5
4, 2
4, 6
4, 7
5, 3

Player 2: 1, 3

After move by Player 2
00000000
00000000
00000200
00012100
00021211
00002111
00022011
00000001


Round: 18
00000000
00000000
00000200
00012100
00021211
00002111
00022011
00000001

Valid moves for 1:
0, 3
0, 4
2, 3
3, 2
5, 3
5, 4
6, 5

Player 1: 6, 5

After move by Player 1
00000000
00000100
00000100
00012100
00021211
00002111
00022011
00000001


Round: 19
00000000
00000100
00000100
00012100
00021211
00002111
00022011
00000001

Valid moves for 2:
1, 5
4, 2
4, 6
4, 7
5, 3
6, 6
7, 5

Player 2: 4, 7

After move by Player 2
00000000
00000100
00000100
00012102
00021221
00002211
00022011
00000001


Round: 20
00000000
00000100
00000100
00012102
00021221
00002211
00022011
00000001

Valid moves for 1:
0, 4
1, 5
2, 2
2, 3
3, 2
4, 6
5, 3
5, 4
5, 7

Player 1: 1, 5

After move by Player 1
00000000
00000100
00000100
00012102
00021121
00002111
00022111
00000001


Round: 21
00000000
00000100
00000100
00012102
00021121
00002111
00022111
00000001

Valid moves for 2:
0, 6
4, 2
4, 6
5, 3
5, 4
6, 6

Player 2: 4, 2

After move by Player 2
00000000
00000100
00000100
00222102
00021121
00002111
00022111
00000001


Round: 22
00000000
00000100
00000100
00222102
00021121
00002111
00022111
00000001

Valid moves for 1:
0, 2
0, 3
0, 4
1, 2
2, 2
2, 3
3, 2
4, 1
4, 6
5, 1
5, 2
5, 3
5, 4
5, 7

Player 1: 4, 6

After move by Player 1
00000000
00000100
00000100
00222112
00021111
00002111
00022111
00000001


Round: 23
00000000
00000100
00000100
00222112
00021111
00002111
00022111
00000001

Valid moves for 2:
0, 6
5, 7
6, 6

Player 2: 5, 7

After move by Player 2
00000000
00000100
00000102
00222122
00021211
00002111
00022111
00000001


Round: 24
00000000
00000100
00000102
00222122
00021211
00002111
00022111
00000001

Valid moves for 1:
0, 3
0, 4
1, 2
2, 2
2, 3
3, 2
4, 1
5, 1
5, 2
5, 3
5, 4
5, 6
6, 7

Player 1: 5, 1

After move by Player 1
00000000
00000100
01000102
00122122
00011211
00001111
00022111
00000001


Round: 25
00000000
00000100
01000102
00122122
00011211
00001111
00022111
00000001

Valid moves for 2:
0, 5
0, 6
2, 2
2, 3
3, 2
4, 1
6, 4
6, 6
7, 5

Player 2: 7, 5

After move by Player 2
00000200
00000200
01000202
00122222
00011211
00001111
00022111
00000001


Round: 26
00000200
00000200
01000202
00122222
00011211
00001111
00022111
00000001

Valid moves for 1:
0, 2
0, 3
0, 4
1, 2
5, 2
5, 3
5, 4
5, 6
6, 4
6, 6
6, 7

Player 1: 5, 6

After move by Player 1
00000200
00000200
01000212
00122112
00011211
00001111
00022111
00000001


Round: 27
00000200
00000200
01000212
00122112
00011211
00001111
00022111
00000001

Valid moves for 2:
0, 5
2, 2
2, 3
3, 2
4, 1

Player 2: 0, 5

After move by Player 2
00000200
00000200
01000212
00122112
00011211
00001211
00022211
00000201


Round: 28
00000200
00000200
01000212
00122112
00011211
00001211
00022211
00000201

Valid moves for 1:
0, 2
0, 3
0, 4
0, 6
1, 2
5, 2
5, 3
5, 4
6, 4
6, 6
6, 7
7, 4

Player 1: 0, 6

After move by Player 1
00000200
00000200
01000212
00122112
00011211
00001211
00022111
00000211


Round: 29
00000200
00000200
01000212
00122112
00011211
00001211
00022111
00000211

Valid moves for 2:
2, 2
2, 3
3, 2
4, 1

Player 2: 2, 2

After move by Player 2
00000200
00000200
01000212
00122112
00021211
00201211
00022111
00000211


Round: 30
00000200
00000200
01000212
00122112
00021211
00201211
00022111
00000211

Valid moves for 1:
0, 2
0, 3
0, 4
1, 2
3, 2
5, 2
5, 3
5, 4
6, 4
6, 7
7, 4

Player 1: 6, 7

After move by Player 1
00000200
00000201
01000211
00122111
00021211
00201211
00022111
00000211


Round: 31
00000200
00000201
01000211
00122111
00021211
00201211
00022111
00000211

Valid moves for 2:
2, 3
4, 1
6, 0

Player 2: 2, 3

After move by Player 2
00000200
00000201
01000211
00122111
00021211
00222211
00022111
00000211


Round: 32
00000200
00000201
01000211
00122111
00021211
00222211
00022111
00000211

Valid moves for 1:
0, 2
0, 3
0, 4
1, 2
2, 1
3, 2
5, 2
5, 3
5, 4
6, 4
7, 4

Player 1: 0, 3

After move by Player 1
00000200
00000201
01000211
00122111
00021211
00222111
00021111
00010211


Round: 33
00000200
00000201
01000211
00122111
00021211
00222111
00021111
00010211

Valid moves for 2:
0, 4
4, 1
6, 0

Player 2: 0, 4

After move by Player 2
00000200
00000201
01000211
00122111
00021211
00222111
00022111
00012211


Round: 34
00000200
00000201
01000211
00122111
00021211
00222111
00022111
00012211

Valid moves for 1:
0, 2
1, 2
2, 1
3, 2
5, 2
5, 3
5, 4
6, 4
7, 4

Player 1: 7, 4

After move by Player 1
00001200
00000101
01000211
00122111
00021211
00222111
00022111
00012211


Round: 35
00001200
00000101
01000211
00122111
00021211
00222111
00022111
00012211

Valid moves for 2:
0, 2
4, 1
6, 0
7, 3

Player 2: 0, 2

After move by Player 2
00001200
00000101
01000211
00122111
00021211
00222111
00022111
00222211


Round: 36
00001200
00000101
01000211
00122111
00021211
00222111
00022111
00222211

Valid moves for 1:
0, 1
1, 2
2, 1
3, 2
5, 2
5, 3
5, 4
6, 4
7, 6

Player 1: 7, 6

After move by Player 1
00001110
00000101
01000211
00122111
00021211
00222111
00022111
00222211


Round: 37
00001110
00000101
01000211
00122111
00021211
00222111
00022111
00222211

Valid moves for 2:
4, 1
6, 0

Player 2: 6, 0

After move by Player 2
00001110
20000101
02000211
00222111
00021211
00222111
00022111
00222211


Round: 38
00001110
20000101
02000211
00222111
00021211
00222111
00022111
00222211

Valid moves for 1:
0, 1
1, 2
2, 1
3, 2
4, 1
5, 2
5, 3
5, 4
6, 4

Player 1: 5, 4

After move by Player 1
00001110
20000101
02001111
00221111
00021211
00222111
00022111
00222211


Round: 39
00001110
20000101
02001111
00221111
00021211
00222111
00022111
00222211

Valid moves for 2:
5, 3
6, 4
6, 6

Player 2: 6, 4

After move by Player 2
00001110
20002101
02002111
00222111
00022211
00222111
00022111
00222211


Round: 40
00001110
20002101
02002111
00222111
00022211
00222111
00022111
00222211

Valid moves for 1:
0, 1
1, 1
1, 2
2, 1
3, 2
4, 1
5, 2
5, 3
6, 3
7, 3

Player 1: 3, 2

After move by Player 1
00001110
20002101
02001111
00212111
00111111
00222111
00022111
00222211


Round: 41
00001110
20002101
02001111
00212111
00111111
00222111
00022111
00222211

Valid moves for 2:
4, 1
5, 3
6, 6

Player 2: 4, 1

After move by Player 2
00001110
20002101
02001111
02212111
00211111
00222111
00022111
00222211


Round: 42
00001110
20002101
02001111
02212111
00211111
00222111
00022111
00222211

Valid moves for 1:
0, 1
1, 1
1, 2
2, 1
3, 1
4, 0
5, 3
6, 3
7, 3

Player 1: 7, 3

After move by Player 1
00011110
20001101
02001111
02212111
00211111
00222111
00022111
00222211


Round: 43
00011110
20001101
02001111
02212111
00211111
00222111
00022111
00222211

Valid moves for 2:
5, 3
6, 6

Player 2: 6, 6

After move by Player 2
00011110
20001121
02001211
02212111
00211111
00222111
00022111
00222211


Round: 44
00011110
20001121
02001211
02212111
00211111
00222111
00022111
00222211

Valid moves for 1:
0, 1
1, 1
1, 2
2, 1
3, 1
4, 0
5, 3
7, 7

Player 1: 7, 7

After move by Player 1
00011111
20001111
02001111
02211111
00211111
00222111
00022111
00222211


Round: 45
00011111
20001111
02001111
02211111
00211111
00222111
00022111
00222211

Valid moves for 2:
5, 3

Player 2: 5, 3

After move by Player 2
00011111
20001111
02021111
02221111
00221111
00222111
00022111
00222211


Round: 46
00011111
20001111
02021111
02221111
00221111
00222111
00022111
00222211

Valid moves for 1:
0, 1
1, 1
1, 2
2, 1
3, 1
4, 0
5, 2
6, 2

Player 1: 0, 1

After move by Player 1
00011111
20001111
02021111
02221111
00221111
00222111
00022111
01111111


Round: 47
00011111
20001111
02021111
02221111
00221111
00222111
00022111
01111111

Valid moves for 2:

Player 2 can't move

Round: 47
00011111
20001111
02021111
02221111
00221111
00222111
00022111
01111111

Valid moves for 1:
1, 1
1, 2
2, 1
3, 1
4, 0
5, 0
5, 2
6, 2
6, 3

Player 1: 6, 2

After move by Player 1
00011111
20101111
02011111
02221111
00221111
00222111
00022111
01111111


Round: 48
00011111
20101111
02011111
02221111
00221111
00222111
00022111
01111111

Valid moves for 2:
6, 3

Player 2: 6, 3

After move by Player 2
00011111
20121111
02021111
02221111
00221111
00222111
00022111
01111111


Round: 49
00011111
20121111
02021111
02221111
00221111
00222111
00022111
01111111

Valid moves for 1:
1, 1
1, 2
2, 1
3, 1
4, 0
5, 0
5, 2
7, 2

Player 1: 7, 2

After move by Player 1
00111111
20111111
02021111
02221111
00221111
00222111
00022111
01111111


Round: 50
00111111
20111111
02021111
02221111
00221111
00222111
00022111
01111111

Valid moves for 2:
7, 1

Player 2: 7, 1

After move by Player 2
02111111
20211111
02021111
02221111
00221111
00222111
00022111
01111111


Round: 51
02111111
20211111
02021111
02221111
00221111
00222111
00022111
01111111

Valid moves for 1:
1, 1
1, 2
2, 1
3, 1
4, 0
5, 0
5, 2
6, 1
7, 0

Player 1: 2, 1

After move by Player 1
02111111
20211111
02021111
02211111
00121111
01111111
00022111
01111111


Round: 52
02111111
20211111
02021111
02211111
00121111
01111111
00022111
01111111

Valid moves for 2:
1, 1
1, 2
3, 1

Player 2: 1, 2

After move by Player 2
02111111
20211111
02021111
02211111
00221111
01211111
00222111
01111111


Round: 53
02111111
20211111
02021111
02211111
00221111
01211111
00222111
01111111

Valid moves for 1:
1, 1
3, 1
4, 0
5, 0
5, 2
6, 1
7, 0

Player 1: 1, 1

After move by Player 1
02111111
20211111
02021111
02211111
00211111
01111111
01111111
01111111


Round: 54
02111111
20211111
02021111
02211111
00211111
01111111
01111111
01111111

Valid moves for 2:
1, 0

Player 2: 1, 0

After move by Player 2
02111111
20211111
02021111
02211111
00211111
02111111
21111111
01111111


Round: 55
02111111
20211111
02021111
02211111
00211111
02111111
21111111
01111111

Valid moves for 1:
2, 0
3, 0
3, 1
4, 0
5, 0
5, 2
6, 1
7, 0

Player 1: 5, 2

After move by Player 1
02111111
20111111
02111111
02111111
00111111
02111111
21111111
01111111


Round: 56
02111111
20111111
02111111
02111111
00111111
02111111
21111111
01111111

Valid moves for 2:

Player 2 can't move

Round: 56
02111111
20111111
02111111
02111111
00111111
02111111
21111111
01111111

Valid moves for 1:
2, 0
3, 0
3, 1
4, 0
5, 0
7, 0

Player 1: 5, 0

After move by Player 1
02111111
20111111
11111111
01111111
00111111
02111111
21111111
01111111


Round: 57
02111111
20111111
11111111
01111111
00111111
02111111
21111111
01111111

Valid moves for 2:
4, 0

Player 2: 4, 0

After move by Player 2
02111111
20111111
21111111
21111111
00111111
02111111
21111111
01111111


Round: 58
02111111
20111111
21111111
21111111
00111111
02111111
21111111
01111111

Valid moves for 1:
2, 0
3, 0
3, 1
7, 0

Player 1: 2, 0

After move by Player 1
02111111
20111111
21111111
21111111
00111111
11111111
21111111
01111111


Round: 59
02111111
20111111
21111111
21111111
00111111
11111111
21111111
01111111

Valid moves for 2:
3, 0

Player 2: 3, 0

After move by Player 2
02111111
20111111
21111111
21111111
20111111
21111111
21111111
01111111


Round: 60
02111111
20111111
21111111
21111111
20111111
21111111
21111111
01111111

Valid moves for 1:
7, 0

Player 1: 7, 0

After move by Player 1
11111111
20111111
21111111
21111111
20111111
21111111
21111111
01111111


Round: 61
11111111
20111111
21111111
21111111
20111111
21111111
21111111
01111111

Valid moves for 2:

Player 2 can't move

Round: 61
11111111
20111111
21111111
21111111
20111111
21111111
21111111
01111111

Valid moves for 1:
0, 0

Player 1: 0, 0

After move by Player 1
11111111
10111111
11111111
11111111
10111111
11111111
11111111
11111111


Round: 62
11111111
10111111
11111111
11111111
10111111
11111111
11111111
11111111

Valid moves for 2:

Player 2 can't move

Round: 62
11111111
10111111
11111111
11111111
10111111
11111111
11111111
11111111

Valid moves for 1:

Player 1 can't move

Black: 64
White: 0

